456377851
847211189
4366363
521466966
714344985
504222105
554233331
6322207
149122991
122199740
51188496
358444050
823199765
754144124
150000158
423477556
37200836
205411977
754122175
6288273
12488897
40188640
59044429
38399518
303255618
532277493
441000727
441466154
351466132
924366565
855411173
942055967
446411066
101066382
636011082
218055225
40588381
524477735
232122278
720555291
357277631
621299339
736011913
557099698
957055784
904455254
506000644
614166269
950344397
200211426
422477834
212088084
648099958
13200220
37144932
443033109
54244889
645400610
751155530
203188483
953288766
307444517
828233484
217511853
219377258
606555158
230188104
936488210
920044771
38300439
238466922
310400308
324466069
624577111
250177203
543333979
436111861
131566354
310166621
200311277
922033107
741200601
156411884
206311529
645300686
302177788
233588441
226155253
535399937
39311777
