935566547
714344985
504222105
731511934
231399218
227588149
204355637
53144352
330033497
423477556
141155998
900177140
40188640
40099397
311200891
38399518
303255618
322166682
36444931
924366565
855411173
329377578
942055967
446411066
526011305
218055225
40588381
655477317
514433614
939322431
821133411
317233097
809344158
232122278
604233918
621299339
557099698
349244572
957055784
919199915
506000644
614166269
720211436
200211426
212088084
649322351
443033109
54244889
645400610
339377317
8511271
203188483
449011853
109011479
219377258
606555158
38300439
624199549
624577111
250177203
359077497
48200622
844255883
425344508
233588441
226155253
24399597
929388889
150000137
150000147
150000086
150000099
150000136
150000071
150000116
150000033
150000042
150000090
150000089
150000093
150000092
150000094
150000095
150000103
150000105
150000108
150000077
150000158
150000162
150000167
150000177
150000199
150000186
150000181
150000195
150000190
150000201
150000196
150000247
150000243
150000241
150000223
150000233
150000219
150000284
150000282
150000288
150000307
150000290
150000134
150000227
150000275
150000065
150000191
150000249
150000281
150000120
150000085
150000222
150000251
150000350
150000345
150000341
150000337
150000331
150000330
150000327
150000324
150000323
150000322
150000321
150000320
150000316
150000256
150000329
150000253
150000353
150000405
150000397
150000390
150000382
150000381
150000377
150000368
150000360
150000464
150000462
150000442
150000434
150000505
150000516
150000496
150000518
150000519
150000526
150000564
150000559
150000552
150000581
150000582
150000592
150000567
150000604
150000636
150000633
150000610
150000641
150000663
150000659
150000651
150000680
150000649
150000689
150000724
150000721
150000726
150000728
150000729
150000739
150000747
150000752
150000758
150000759
150000771
150000765
150000779
150000787
150000806
150000802
150000833
150000815
150000829
150000852
150000873
150000874
150000908
150000911
150000925
150000927
150000926
150000954
150001015
150001114
150001198
150001207
150001213
150001199
150001320
150001357
150001455
150001989
150002014
150002253
150002553
150002866
150002900
150002919
150003093
150003110
150003101
150003139
150003333
150003079
150003066
150003485
150003548
150003811
150004657
150004371
150004349
150004257
150004187
150004857
150004823
150005273
150005538
